-0.500107 -0.0125674 0.5 58.0464
-0.500331 0.00113636 0.5 59.0723
-0.500241 0.0148204 0.5 59.3012
-0.499367 0.0284542 0.5 58.691
-0.497693 0.04204 0.5 57.2143
-0.495348 0.0555491 0.5 54.8657
-0.492347 0.0688968 0.5 51.7108
-0.488693 0.0820788 0.5 47.8176
-0.48439 0.0951026 0.5 43.2156
-0.479472 0.107874 0.5 37.9848
-0.473948 0.120378 0.5 32.2279
-0.467813 0.132645 0.5 25.958
-0.46111 0.144585 0.5 19.2816
-0.453863 0.15617 0.5 12.3621
-0.446058 0.167441 0.5 5.1604
-0.437736 0.178333 0.5 -2.22846
-0.428947 0.188794 0.5 -9.55869
-0.419671 0.198866 0.5 -16.9013
-0.409922 0.208534 0.5 -24.2413
-0.399795 0.217713 0.5 -31.2809
-0.389276 0.226434 0.5 -38.0655
-0.378316 0.234743 0.5 -44.7149
-0.367064 0.242529 0.5 -50.9232
-0.355535 0.2498 0.5 -56.5694
-0.343628 0.256636 0.5 -61.9637
-0.331459 0.262965 0.5 -66.9211
-0.319113 0.268761 0.5 -71.1605
-0.306505 0.274081 0.5 -75.0252
-0.293615 0.278929 0.5 -78.5093
-0.280642 0.283241 0.5 -81.2674
-0.26757 0.287042 0.5 -83.4015
-0.254242 0.290387 0.5 -85.2105
-0.24081 0.293238 0.5 -86.5497
-0.227385 0.295586 0.5 -87.2107
-0.213855 0.29747 0.5 -87.5628
-0.200144 0.2989 0.5 -87.6816
-0.186462 0.299801 0.5 -87.7535
-0.17283 0.300114 0.5 -85.4205
-0.159095 0.300016 0.5 -79.8597
-0.145333 0.299843 0.5 -76.3834
-0.129631 0.298868 0.5 -84.1988
-0.111975 0.297051 0.5 -72.3653
-0.09426 0.294911 0.5 -69.8268
-0.0767275 0.292045 0.5 -69.2996
-0.0593962 0.288468 0.5 -63.7503
-0.0419865 0.284271 0.5 -57.8723
-0.0247775 0.279543 0.5 -52.7569
-0.00785262 0.274328 0.5 -47.6221
0.00904856 0.268578 0.5 -42.0944
0.0258297 0.262354 0.5 -36.4805
0.0423045 0.255742 0.5 -31.0285
0.0586262 0.248705 0.5 -25.5893
0.0749589 0.241217 0.5 -20.3856
0.0909974 0.233446 0.5 -15.8718
0.106746 0.225395 0.5 -12.169
0.1225 0.216961 0.5 -9.32873
0.138145 0.208259 0.5 -7.3426
0.153544 0.19937 0.5 -6.0391
0.168803 0.190238 0.5 -5.22411
0.184054 0.180861 0.5 -4.72858
0.199183 0.171363 0.5 -4.39208
0.214157 0.161747 0.5 -4.15399
0.229081 0.151967 0.5 -3.97274
0.24398 0.142114 0.5 -3.84343
0.258857 0.132225 0.5 -3.76072
0.273721 0.122264 0.5 -3.70404
0.288546 0.112299 0.5 -3.6705
0.303343 0.102447 0.5 -3.66924
0.318328 0.0925917 0.5 -3.6833
0.333449 0.0827422 0.5 -3.70016
0.348414 0.0731719 0.5 -3.72545
0.363541 0.063806 0.5 -3.76276
0.379153 0.0544849 0.5 -3.78673
0.394748 0.0455152 0.5 -3.78169
0.410156 0.0370907 0.5 -3.73216
0.426396 0.0288422 0.5 -3.60638
0.442787 0.0211563 0.5 -3.45731
0.459261 0.0141645 0.5 -3.46362
0.476111 0.00796935 0.5 -2.87516
0.492182 0.00261484 0.5 -0.891162
-0.197159 -0.29505 0.5 -111.408
-0.208461 -0.293821 0.5 -111.851
-0.219762 -0.292588 0.5 -116.359
-0.230966 -0.29115 0.5 -120.275
-0.242088 -0.289303 0.5 -119.035
-0.253213 -0.287004 0.5 -117.218
-0.264273 -0.284345 0.5 -115.203
-0.275166 -0.28137 0.5 -113.096
-0.285905 -0.278077 0.5 -110.858
-0.296617 -0.274417 0.5 -108.025
-0.307268 -0.270386 0.5 -104.643
-0.317713 -0.266035 0.5 -100.97
-0.327934 -0.26138 0.5 -97.1203
-0.338056 -0.256353 0.5 -92.7302
-0.348076 -0.250941 0.5 -87.7775
-0.357849 -0.245215 0.5 -82.563
-0.36735 -0.239198 0.5 -77.2039
-0.376673 -0.232821 0.5 -71.3908
-0.385824 -0.226064 0.5 -65.0921
-0.394687 -0.219007 0.5 -58.6299
-0.403233 -0.211682 0.5 -52.1293
-0.411535 -0.204019 0.5 -45.331
-0.419592 -0.196002 0.5 -38.2447
-0.427313 -0.187716 0.5 -31.1501
-0.43468 -0.179189 0.5 -24.1308
-0.441738 -0.170362 0.5 -17.0077
-0.448481 -0.161225 0.5 -9.86377
-0.454844 -0.151862 0.5 -2.89217
-0.460819 -0.142294 0.5 3.87918
-0.466425 -0.132474 0.5 10.5419
-0.471653 -0.122407 0.5 16.9733
-0.476465 -0.112167 0.5 23.0522
-0.480857 -0.101766 0.5 28.7836
-0.484834 -0.0911757 0.5 34.1813
-0.488388 -0.0804119 0.5 39.0664
-0.4915 -0.0695375 0.5 43.3432
-0.494116 -0.0585578 0.5 47.4381
-0.496151 -0.0474491 0.5 51.3403
-0.497738 -0.0362463 0.5 54.0997
-0.499231 -0.0250252 0.5 55.8561
0.494259 -0.00193447 0.5 -7.09773
0.483229 -0.00542559 0.5 -6.12682
0.471224 -0.00915929 0.5 -5.49709
0.458685 -0.0135965 0.5 -5.69458
0.447246 -0.0181871 0.5 -6.06969
0.435594 -0.0231806 0.5 -6.30663
0.423281 -0.0288234 0.5 -6.49211
0.411645 -0.0345221 0.5 -6.6816
0.400792 -0.0401575 0.5 -6.86764
0.389641 -0.0461848 0.5 -7.01287
0.37824 -0.0525555 0.5 -7.11038
0.366881 -0.0590879 0.5 -7.16575
0.355958 -0.0655574 0.5 -7.18681
0.345259 -0.0720841 0.5 -7.20639
0.334431 -0.0788368 0.5 -7.2215
0.323525 -0.0857376 0.5 -7.22522
0.312631 -0.0926849 0.5 -7.21797
0.301915 -0.09958 0.5 -7.20461
0.291313 -0.106495 0.5 -7.21418
0.280664 -0.113508 0.5 -7.25212
0.269989 -0.120559 0.5 -7.31599
0.259307 -0.127588 0.5 -7.41036
0.24863 -0.134569 0.5 -7.54236
0.237953 -0.141542 0.5 -7.72462
0.227263 -0.148518 0.5 -7.95541
0.216566 -0.155454 0.5 -8.25112
0.205867 -0.162306 0.5 -8.66604
0.195108 -0.169081 0.5 -9.27447
0.184242 -0.175826 0.5 -10.1591
0.173332 -0.182521 0.5 -11.3365
0.162422 -0.18911 0.5 -12.8444
0.151514 -0.195558 0.5 -14.7533
0.140539 -0.201877 0.5 -17.1033
0.129389 -0.20813 0.5 -19.9755
0.118133 -0.214293 0.5 -23.3336
0.106881 -0.220288 0.5 -27.0849
0.0956344 -0.226091 0.5 -31.0797
0.0843186 -0.231719 0.5 -35.1856
0.0727897 -0.237238 0.5 -39.5444
0.0611249 -0.242615 0.5 -44.1037
0.0494698 -0.247769 0.5 -48.7486
0.0378304 -0.252683 0.5 -53.3423
0.0260862 -0.257388 0.5 -57.8245
0.0141138 -0.261927 0.5 -62.4107
0.00203662 -0.266249 0.5 -67.0369
-0.0100166 -0.270298 0.5 -71.6085
-0.0220359 -0.274061 0.5 -76.0131
-0.0342367 -0.277592 0.5 -80.2867
-0.0466604 -0.280892 0.5 -84.5468
-0.0590843 -0.283892 0.5 -88.7194
-0.0714572 -0.286575 0.5 -92.7896
-0.0838682 -0.288952 0.5 -96.6084
-0.0964749 -0.291038 0.5 -99.9608
-0.109178 -0.292804 0.5 -103.115
-0.121806 -0.294221 0.5 -107.427
-0.134368 -0.29529 0.5 -112.637
-0.147051 -0.295929 0.5 -112.09
-0.159818 -0.296091 0.5 -107.568
-0.172502 -0.295942 0.5 -111.41
-0.185176 -0.295757 0.5 -125.671
