/*--------------------------------*- C++ -*----------------------------------*\
| =========                 |                                                 |
| \\      /  F ield         | OpenFOAM: The Open Source CFD Toolbox           |
|  \\    /   O peration     | Version:  2.3.1                                 |
|   \\  /    A nd           | Web:      www.OpenFOAM.org                      |
|    \\/     M anipulation  |                                                 |
\*---------------------------------------------------------------------------*/
FoamFile
{
    version     2.0;
    format      ascii;
    class       faceSet;
    location    "constant/polyMesh/sets";
    object      nonOrthoFaces;
}
// * * * * * * * * * * * * * * * * * * * * * * * * * * * * * * * * * * * * * //


308
(
12296 
12298 
8212 
8213 
8214 
8215 
8216 
8217 
8218 
12376 
12378 
8292 
8293 
8294 
8295 
8296 
8297 
8298 
12456 
12458 
8372 
8373 
8374 
8375 
8376 
8377 
8378 
12536 
12538 
8452 
8453 
8454 
8455 
8456 
8457 
8458 
12616 
12618 
8532 
8533 
8534 
8535 
8536 
8537 
8538 
12696 
12698 
8612 
8613 
8614 
8615 
8616 
8617 
8618 
12778 
8692 
8693 
8694 
8695 
8696 
8697 
8698 
12858 
8772 
8773 
8774 
8775 
8776 
8777 
8778 
12938 
8852 
8853 
8854 
8855 
8856 
8857 
8858 
13018 
8932 
8933 
8934 
8935 
8936 
8937 
8938 
13098 
9012 
9013 
9014 
9015 
9016 
9017 
9018 
9092 
9093 
9094 
9095 
9096 
9097 
9098 
9172 
9173 
9174 
9175 
9176 
9177 
9178 
9252 
9253 
9254 
9255 
9256 
9257 
9258 
9332 
9333 
9334 
9335 
9336 
9337 
9338 
9412 
9413 
9414 
9415 
9416 
9417 
9418 
9492 
9493 
9494 
9495 
9496 
9497 
9498 
9572 
9573 
9574 
9575 
9576 
9577 
9578 
9652 
9653 
9654 
9655 
9656 
9657 
9658 
9732 
9733 
9734 
9735 
9736 
9737 
9738 
9812 
9814 
9815 
9816 
9817 
9818 
9892 
9894 
9895 
9896 
9897 
9898 
9972 
9974 
9975 
9976 
9977 
9978 
10052 
10054 
10055 
10056 
10057 
10058 
10132 
10134 
10135 
10136 
10137 
10138 
10212 
10214 
10215 
10216 
10217 
10218 
10292 
10294 
10295 
10296 
10297 
10298 
10372 
10374 
10375 
10376 
10377 
10378 
10452 
10454 
10455 
10456 
10457 
10458 
10532 
10534 
10535 
10536 
10537 
10538 
10612 
10614 
10615 
10616 
10617 
10618 
10694 
10695 
10696 
10697 
10698 
10774 
10775 
10776 
10777 
10778 
10854 
10855 
10856 
10857 
10858 
10934 
10935 
10936 
10937 
10938 
11014 
11015 
11016 
11017 
11018 
11094 
11095 
11096 
11097 
11098 
11174 
11175 
11176 
11177 
11178 
11254 
11256 
11257 
11258 
11334 
11336 
11337 
11338 
11414 
11416 
11417 
11418 
11494 
11496 
11497 
11498 
11574 
11576 
11577 
11578 
11654 
11656 
11657 
11658 
11736 
11737 
11738 
11816 
11817 
11818 
11896 
11897 
11898 
11976 
11977 
11978 
12056 
12058 
12136 
12138 
12216 
12218 
8130 
8132 
8133 
8134 
8135 
8136 
8137 
8138 
)

// ************************************************************************* //
