-0.500107 -0.0125674 0.5 0.00480186
-0.500331 0.00113636 0.5 1.06599
-0.500241 0.0148204 0.5 1.31303
-0.499367 0.0284542 0.5 0.711707
-0.497693 0.04204 0.5 -0.758815
-0.495348 0.0555491 0.5 -3.10147
-0.492347 0.0688968 0.5 -6.2502
-0.488693 0.0820788 0.5 -10.1376
-0.48439 0.0951026 0.5 -14.734
-0.479472 0.107874 0.5 -19.9602
-0.473948 0.120378 0.5 -25.7136
-0.467813 0.132645 0.5 -31.9811
-0.46111 0.144585 0.5 -38.6565
-0.453863 0.15617 0.5 -45.5766
-0.446058 0.167441 0.5 -52.7804
-0.437736 0.178333 0.5 -60.1731
-0.428947 0.188794 0.5 -67.5088
-0.419671 0.198866 0.5 -74.8588
-0.409922 0.208534 0.5 -82.2081
-0.399795 0.217713 0.5 -89.2587
-0.389276 0.226434 0.5 -96.056
-0.378316 0.234743 0.5 -102.72
-0.367064 0.242529 0.5 -108.944
-0.355535 0.2498 0.5 -114.608
-0.343628 0.256636 0.5 -120.022
-0.331459 0.262965 0.5 -125
-0.319113 0.268761 0.5 -129.262
-0.306505 0.274081 0.5 -133.15
-0.293615 0.278929 0.5 -136.66
-0.280642 0.283241 0.5 -139.444
-0.26757 0.287042 0.5 -141.605
-0.254242 0.290387 0.5 -143.443
-0.24081 0.293238 0.5 -144.812
-0.227385 0.295586 0.5 -145.503
-0.213855 0.29747 0.5 -145.887
-0.200144 0.2989 0.5 -146.038
-0.186462 0.299801 0.5 -146.145
-0.17283 0.300114 0.5 -143.846
-0.159095 0.300016 0.5 -138.316
-0.145333 0.299843 0.5 -134.875
-0.129631 0.298868 0.5 -142.741
-0.111975 0.297051 0.5 -130.938
-0.09426 0.294911 0.5 -128.443
-0.0767275 0.292045 0.5 -127.962
-0.0593962 0.288468 0.5 -122.454
-0.0419865 0.284271 0.5 -116.618
-0.0247775 0.279543 0.5 -111.546
-0.00785262 0.274328 0.5 -106.455
0.00904856 0.268578 0.5 -100.971
0.0258297 0.262354 0.5 -95.4005
0.0423045 0.255742 0.5 -89.991
0.0586262 0.248705 0.5 -84.5903
0.0749589 0.241217 0.5 -79.4181
0.0909974 0.233446 0.5 -74.9262
0.106746 0.225395 0.5 -71.2328
0.1225 0.216961 0.5 -68.3915
0.138145 0.208259 0.5 -66.405
0.153544 0.19937 0.5 -65.1026
0.168803 0.190238 0.5 -64.2904
0.184054 0.180861 0.5 -63.8054
0.199183 0.171363 0.5 -63.4839
0.214157 0.161747 0.5 -63.2622
0.229081 0.151967 0.5 -63.0973
0.24398 0.142114 0.5 -62.9837
0.258857 0.132225 0.5 -62.9163
0.273721 0.122264 0.5 -62.8746
0.288546 0.112299 0.5 -62.8552
0.303343 0.102447 0.5 -62.8676
0.318328 0.0925917 0.5 -62.8951
0.333449 0.0827422 0.5 -62.9255
0.348414 0.0731719 0.5 -62.9644
0.363541 0.063806 0.5 -63.0156
0.379153 0.0544849 0.5 -63.0544
0.394748 0.0455152 0.5 -63.0652
0.410156 0.0370907 0.5 -63.0322
0.426396 0.0288422 0.5 -62.9245
0.442787 0.0211563 0.5 -62.795
0.459261 0.0141645 0.5 -62.8221
0.476111 0.00796935 0.5 -62.2567
0.492182 0.00261484 0.5 -60.3
-0.197159 -0.29505 0.5 -169.944
-0.208461 -0.293821 0.5 -170.369
-0.219762 -0.292588 0.5 -174.857
-0.230966 -0.29115 0.5 -178.753
-0.242088 -0.289303 0.5 -177.496
-0.253213 -0.287004 0.5 -175.664
-0.264273 -0.284345 0.5 -173.632
-0.275166 -0.28137 0.5 -171.509
-0.285905 -0.278077 0.5 -169.256
-0.296617 -0.274417 0.5 -166.407
-0.307268 -0.270386 0.5 -163.01
-0.317713 -0.266035 0.5 -159.322
-0.327934 -0.26138 0.5 -155.457
-0.338056 -0.256353 0.5 -151.052
-0.348076 -0.250941 0.5 -146.084
-0.357849 -0.245215 0.5 -140.855
-0.36735 -0.239198 0.5 -135.482
-0.376673 -0.232821 0.5 -129.654
-0.385824 -0.226064 0.5 -123.342
-0.394687 -0.219007 0.5 -116.866
-0.403233 -0.211682 0.5 -110.351
-0.411535 -0.204019 0.5 -103.539
-0.419592 -0.196002 0.5 -96.4394
-0.427313 -0.187716 0.5 -89.3315
-0.43468 -0.179189 0.5 -82.299
-0.441738 -0.170362 0.5 -75.1628
-0.448481 -0.161225 0.5 -68.0059
-0.454844 -0.151862 0.5 -61.0215
-0.460819 -0.142294 0.5 -54.2376
-0.466425 -0.132474 0.5 -47.5626
-0.471653 -0.122407 0.5 -41.1193
-0.476465 -0.112167 0.5 -35.0295
-0.480857 -0.101766 0.5 -29.2882
-0.484834 -0.0911757 0.5 -23.8823
-0.488388 -0.0804119 0.5 -18.9912
-0.4915 -0.0695375 0.5 -14.7108
-0.494116 -0.0585578 0.5 -10.6144
-0.496151 -0.0474491 0.5 -6.71135
-0.497738 -0.0362463 0.5 -3.95189
-0.499231 -0.0250252 0.5 -2.19223
0.494259 -0.00193447 0.5 -66.6312
0.483229 -0.00542559 0.5 -65.6521
0.471224 -0.00915929 0.5 -65.0146
0.458685 -0.0135965 0.5 -65.2081
0.447246 -0.0181871 0.5 -65.58
0.435594 -0.0231806 0.5 -65.8126
0.423281 -0.0288234 0.5 -65.9927
0.411645 -0.0345221 0.5 -66.1769
0.400792 -0.0401575 0.5 -66.358
0.389641 -0.0461848 0.5 -66.4979
0.37824 -0.0525555 0.5 -66.5893
0.366881 -0.0590879 0.5 -66.6378
0.355958 -0.0655574 0.5 -66.6516
0.345259 -0.0720841 0.5 -66.6636
0.334431 -0.0788368 0.5 -66.6708
0.323525 -0.0857376 0.5 -66.666
0.312631 -0.0926849 0.5 -66.6497
0.301915 -0.09958 0.5 -66.6265
0.291313 -0.106495 0.5 -66.6255
0.280664 -0.113508 0.5 -66.6523
0.269989 -0.120559 0.5 -66.7044
0.259307 -0.127588 0.5 -66.7866
0.24863 -0.134569 0.5 -66.9058
0.237953 -0.141542 0.5 -67.0747
0.227263 -0.148518 0.5 -67.2913
0.216566 -0.155454 0.5 -67.5696
0.205867 -0.162306 0.5 -67.9617
0.195108 -0.169081 0.5 -68.5418
0.184242 -0.175826 0.5 -69.3946
0.173332 -0.182521 0.5 -70.5394
0.162422 -0.18911 0.5 -72.0109
0.151514 -0.195558 0.5 -73.8774
0.140539 -0.201877 0.5 -76.1835
0.129389 -0.20813 0.5 -79.0137
0.118133 -0.214293 0.5 -82.3339
0.106881 -0.220288 0.5 -86.0531
0.0956344 -0.226091 0.5 -90.0216
0.0843186 -0.231719 0.5 -94.1063
0.0727897 -0.237238 0.5 -98.4463
0.0611249 -0.242615 0.5 -102.988
0.0494698 -0.247769 0.5 -107.616
0.0378304 -0.252683 0.5 -112.194
0.0260862 -0.257388 0.5 -116.661
0.0141138 -0.261927 0.5 -121.232
0.00203662 -0.266249 0.5 -125.842
-0.0100166 -0.270298 0.5 -130.397
-0.0220359 -0.274061 0.5 -134.785
-0.0342367 -0.277592 0.5 -139.042
-0.0466604 -0.280892 0.5 -143.286
-0.0590843 -0.283892 0.5 -147.441
-0.0714572 -0.286575 0.5 -151.494
-0.0838682 -0.288952 0.5 -155.296
-0.0964749 -0.291038 0.5 -158.631
-0.109178 -0.292804 0.5 -161.768
-0.121806 -0.294221 0.5 -166.061
-0.134368 -0.29529 0.5 -171.251
-0.147051 -0.295929 0.5 -170.69
-0.159818 -0.296091 0.5 -166.156
-0.172502 -0.295942 0.5 -169.979
-0.185176 -0.295757 0.5 -184.212
